CTX 2019  4 15 17 48 11.00 3.9048 135.5175 0.0 1.0 1.0 Sol 105
event name:     201909291748A  
time shift:      0.0000
half duration:   0.0000
latitude:        3.2848
longitude:     135.5105
depth:              0.000
Mrr:       2.8575e+13
Mtt:       2.8575e+13
Mpp:       2.8575e+13
Mrt:       0.000000e+13
Mrp:       0.000000e+13
Mtp:       0.000000e+13
